9.056312500000000654e+00
1.706752083333333303e+01
2.507037499999999852e+01
3.355304166666666532e+01
3.455247916666666441e+01
3.555027083333333593e+01
3.654970833333333502e+01
3.754829166666666396e+01
3.854772916666667015e+01
3.954552083333333456e+01
4.054495833333333366e+01
4.154104166666666487e+01
4.254047916666666396e+01
4.353827083333333547e+01
4.453770833333333456e+01
4.553629166666666350e+01
4.653572916666666970e+01
4.753352083333333411e+01
4.853295833333333320e+01
4.955304166666666532e+01
5.055247916666666441e+01
5.155027083333333593e+01
5.254970833333333502e+01
5.354829166666666396e+01
5.454772916666667015e+01
5.554552083333333456e+01
5.654495833333333366e+01
